  x + h      approximation    f(x + h)     error
------------------------------------------------
 -0.250              1.725       1.725     0.000
 -0.249              1.719       1.719    -0.000
 -0.248              1.714       1.714    -0.000
 -0.247              1.708       1.708    -0.000
 -0.246              1.702       1.702    -0.000
 -0.245              1.697       1.697    -0.000
 -0.244              1.691       1.691    -0.000
 -0.243              1.685       1.685    -0.000
 -0.242              1.680       1.680    -0.000
 -0.241              1.674       1.674    -0.000
 -0.240              1.669       1.668    -0.000
 -0.239              1.663       1.663    -0.000
 -0.238              1.658       1.657    -0.000
 -0.237              1.652       1.651    -0.001
 -0.236              1.646       1.646    -0.001
 -0.235              1.641       1.640    -0.001
 -0.234              1.635       1.635    -0.001
 -0.233              1.630       1.629    -0.001
 -0.232              1.624       1.623    -0.001
 -0.231              1.619       1.618    -0.001
 -0.230              1.614       1.612    -0.001
 -0.229              1.608       1.607    -0.001
 -0.228              1.603       1.601    -0.002
 -0.227              1.597       1.596    -0.002
 -0.226              1.592       1.590    -0.002
 -0.225              1.586       1.584    -0.002
 -0.224              1.581       1.579    -0.002
 -0.223              1.576       1.573    -0.002
 -0.222              1.570       1.568    -0.003
 -0.221              1.565       1.562    -0.003
 -0.220              1.560       1.557    -0.003
 -0.219              1.554       1.551    -0.003
 -0.218              1.549       1.546    -0.003
 -0.217              1.544       1.540    -0.003
 -0.216              1.539       1.535    -0.004
 -0.215              1.533       1.529    -0.004
 -0.214              1.528       1.524    -0.004
 -0.213              1.523       1.518    -0.004
 -0.212              1.518       1.513    -0.005
 -0.211              1.512       1.508    -0.005
 -0.210              1.507       1.502    -0.005
 -0.209              1.502       1.497    -0.005
 -0.208              1.497       1.491    -0.006
 -0.207              1.492       1.486    -0.006
 -0.206              1.487       1.480    -0.006
 -0.205              1.481       1.475    -0.006
 -0.204              1.476       1.470    -0.007
 -0.203              1.471       1.464    -0.007
 -0.202              1.466       1.459    -0.007
 -0.201              1.461       1.453    -0.008
 -0.200              1.456       1.448    -0.008
 -0.199              1.451       1.443    -0.008
 -0.198              1.446       1.437    -0.009
 -0.197              1.441       1.432    -0.009
 -0.196              1.436       1.427    -0.009
 -0.195              1.431       1.421    -0.010
 -0.194              1.426       1.416    -0.010
 -0.193              1.421       1.410    -0.010
 -0.192              1.416       1.405    -0.011
 -0.191              1.411       1.400    -0.011
 -0.190              1.406       1.395    -0.012
 -0.189              1.401       1.389    -0.012
 -0.188              1.396       1.384    -0.012
 -0.187              1.391       1.379    -0.013
 -0.186              1.386       1.373    -0.013
 -0.185              1.382       1.368    -0.014
 -0.184              1.377       1.363    -0.014
 -0.183              1.372       1.357    -0.014
 -0.182              1.367       1.352    -0.015
 -0.181              1.362       1.347    -0.015
 -0.180              1.357       1.342    -0.016
 -0.179              1.353       1.336    -0.016
 -0.178              1.348       1.331    -0.017
 -0.177              1.343       1.326    -0.017
 -0.176              1.338       1.321    -0.018
 -0.175              1.333       1.315    -0.018
 -0.174              1.329       1.310    -0.018
 -0.173              1.324       1.305    -0.019
 -0.172              1.319       1.300    -0.019
 -0.171              1.315       1.295    -0.020
 -0.170              1.310       1.289    -0.020
 -0.169              1.305       1.284    -0.021
 -0.168              1.301       1.279    -0.022
 -0.167              1.296       1.274    -0.022
 -0.166              1.291       1.269    -0.023
 -0.165              1.287       1.264    -0.023
 -0.164              1.282       1.258    -0.024
 -0.163              1.278       1.253    -0.024
 -0.162              1.273       1.248    -0.025
 -0.161              1.268       1.243    -0.025
 -0.160              1.264       1.238    -0.026
 -0.159              1.259       1.233    -0.026
 -0.158              1.255       1.228    -0.027
 -0.157              1.250       1.223    -0.028
 -0.156              1.246       1.217    -0.028
 -0.155              1.241       1.212    -0.029
 -0.154              1.237       1.207    -0.029
 -0.153              1.232       1.202    -0.030
 -0.152              1.228       1.197    -0.031
 -0.151              1.223       1.192    -0.031
 -0.150              1.219       1.187    -0.032
 -0.149              1.215       1.182    -0.033
 -0.148              1.210       1.177    -0.033
 -0.147              1.206       1.172    -0.034
 -0.146              1.201       1.167    -0.035
 -0.145              1.197       1.162    -0.035
 -0.144              1.193       1.157    -0.036
 -0.143              1.188       1.152    -0.037
 -0.142              1.184       1.147    -0.037
 -0.141              1.180       1.142    -0.038
 -0.140              1.175       1.137    -0.039
 -0.139              1.171       1.132    -0.039
 -0.138              1.167       1.127    -0.040
 -0.137              1.163       1.122    -0.041
 -0.136              1.158       1.117    -0.042
 -0.135              1.154       1.112    -0.042
 -0.134              1.150       1.107    -0.043
 -0.133              1.146       1.102    -0.044
 -0.132              1.142       1.097    -0.045
 -0.131              1.137       1.092    -0.045
 -0.130              1.133       1.087    -0.046
 -0.129              1.129       1.082    -0.047
 -0.128              1.125       1.077    -0.048
 -0.127              1.121       1.072    -0.048
 -0.126              1.117       1.067    -0.049
 -0.125              1.112       1.062    -0.050
 -0.124              1.108       1.058    -0.051
 -0.123              1.104       1.053    -0.052
 -0.122              1.100       1.048    -0.052
 -0.121              1.096       1.043    -0.053
 -0.120              1.092       1.038    -0.054
 -0.119              1.088       1.033    -0.055
 -0.118              1.084       1.028    -0.056
 -0.117              1.080       1.024    -0.057
 -0.116              1.076       1.019    -0.057
 -0.115              1.072       1.014    -0.058
 -0.114              1.068       1.009    -0.059
 -0.113              1.064       1.004    -0.060
 -0.112              1.060       0.999    -0.061
 -0.111              1.056       0.995    -0.062
 -0.110              1.052       0.990    -0.063
 -0.109              1.049       0.985    -0.064
 -0.108              1.045       0.980    -0.065
 -0.107              1.041       0.975    -0.065
 -0.106              1.037       0.971    -0.066
 -0.105              1.033       0.966    -0.067
 -0.104              1.029       0.961    -0.068
 -0.103              1.025       0.956    -0.069
 -0.102              1.022       0.951    -0.070
 -0.101              1.018       0.947    -0.071
 -0.100              1.014       0.942    -0.072
 -0.099              1.010       0.937    -0.073
 -0.098              1.006       0.933    -0.074
 -0.097              1.003       0.928    -0.075
 -0.096              0.999       0.923    -0.076
 -0.095              0.995       0.918    -0.077
 -0.094              0.992       0.914    -0.078
 -0.093              0.988       0.909    -0.079
 -0.092              0.984       0.904    -0.080
 -0.091              0.980       0.900    -0.081
 -0.090              0.977       0.895    -0.082
 -0.089              0.973       0.890    -0.083
 -0.088              0.970       0.886    -0.084
 -0.087              0.966       0.881    -0.085
 -0.086              0.962       0.876    -0.086
 -0.085              0.959       0.872    -0.087
 -0.084              0.955       0.867    -0.088
 -0.083              0.952       0.862    -0.089
 -0.082              0.948       0.858    -0.090
 -0.081              0.944       0.853    -0.091
 -0.080              0.941       0.848    -0.092
 -0.079              0.937       0.844    -0.094
 -0.078              0.934       0.839    -0.095
 -0.077              0.930       0.835    -0.096
 -0.076              0.927       0.830    -0.097
 -0.075              0.923       0.825    -0.098
 -0.074              0.920       0.821    -0.099
 -0.073              0.917       0.816    -0.100
 -0.072              0.913       0.812    -0.101
 -0.071              0.910       0.807    -0.103
 -0.070              0.906       0.803    -0.104
 -0.069              0.903       0.798    -0.105
 -0.068              0.900       0.794    -0.106
 -0.067              0.896       0.789    -0.107
 -0.066              0.893       0.785    -0.108
 -0.065              0.890       0.780    -0.110
 -0.064              0.886       0.776    -0.111
 -0.063              0.883       0.771    -0.112
 -0.062              0.880       0.767    -0.113
 -0.061              0.876       0.762    -0.114
 -0.060              0.873       0.758    -0.116
 -0.059              0.870       0.753    -0.117
 -0.058              0.867       0.749    -0.118
 -0.057              0.863       0.744    -0.119
 -0.056              0.860       0.740    -0.120
 -0.055              0.857       0.735    -0.122
 -0.054              0.854       0.731    -0.123
 -0.053              0.850       0.726    -0.124
 -0.052              0.847       0.722    -0.125
 -0.051              0.844       0.717    -0.127
 -0.050              0.841       0.713    -0.128
 -0.049              0.838       0.709    -0.129
 -0.048              0.835       0.704    -0.131
 -0.047              0.832       0.700    -0.132
 -0.046              0.829       0.695    -0.133
 -0.045              0.825       0.691    -0.134
 -0.044              0.822       0.687    -0.136
 -0.043              0.819       0.682    -0.137
 -0.042              0.816       0.678    -0.138
 -0.041              0.813       0.673    -0.140
 -0.040              0.810       0.669    -0.141
 -0.039              0.807       0.665    -0.142
 -0.038              0.804       0.660    -0.144
 -0.037              0.801       0.656    -0.145
 -0.036              0.798       0.652    -0.147
 -0.035              0.795       0.647    -0.148
 -0.034              0.792       0.643    -0.149
 -0.033              0.789       0.639    -0.151
 -0.032              0.787       0.634    -0.152
 -0.031              0.784       0.630    -0.153
 -0.030              0.781       0.626    -0.155
 -0.029              0.778       0.622    -0.156
 -0.028              0.775       0.617    -0.158
 -0.027              0.772       0.613    -0.159
 -0.026              0.769       0.609    -0.161
 -0.025              0.766       0.604    -0.162
 -0.024              0.764       0.600    -0.163
 -0.023              0.761       0.596    -0.165
 -0.022              0.758       0.592    -0.166
 -0.021              0.755       0.588    -0.168
 -0.020              0.753       0.583    -0.169
 -0.019              0.750       0.579    -0.171
 -0.018              0.747       0.575    -0.172
 -0.017              0.744       0.571    -0.174
 -0.016              0.742       0.566    -0.175
 -0.015              0.739       0.562    -0.177
 -0.014              0.736       0.558    -0.178
 -0.013              0.734       0.554    -0.180
 -0.012              0.731       0.550    -0.181
 -0.011              0.728       0.545    -0.183
 -0.010              0.726       0.541    -0.184
 -0.009              0.723       0.537    -0.186
 -0.008              0.720       0.533    -0.187
 -0.007              0.718       0.529    -0.189
 -0.006              0.715       0.525    -0.191
 -0.005              0.713       0.521    -0.192
 -0.004              0.710       0.516    -0.194
 -0.003              0.708       0.512    -0.195
 -0.002              0.705       0.508    -0.197
 -0.001              0.703       0.504    -0.198
  0.000              0.700       0.500    -0.200
  0.001              0.698       0.496    -0.202
  0.002              0.695       0.492    -0.203
  0.003              0.693       0.488    -0.205
  0.004              0.690       0.484    -0.206
  0.005              0.688       0.480    -0.208
  0.006              0.685       0.476    -0.210
  0.007              0.683       0.471    -0.211
  0.008              0.680       0.467    -0.213
  0.009              0.678       0.463    -0.215
  0.010              0.676       0.459    -0.216
  0.011              0.673       0.455    -0.218
  0.012              0.671       0.451    -0.220
  0.013              0.669       0.447    -0.221
  0.014              0.666       0.443    -0.223
  0.015              0.664       0.439    -0.225
  0.016              0.662       0.435    -0.226
  0.017              0.659       0.431    -0.228
  0.018              0.657       0.427    -0.230
  0.019              0.655       0.423    -0.232
  0.020              0.653       0.419    -0.233
  0.021              0.650       0.415    -0.235
  0.022              0.648       0.411    -0.237
  0.023              0.646       0.407    -0.238
  0.024              0.644       0.403    -0.240
  0.025              0.641       0.399    -0.242
  0.026              0.639       0.396    -0.244
  0.027              0.637       0.392    -0.246
  0.028              0.635       0.388    -0.247
  0.029              0.633       0.384    -0.249
  0.030              0.631       0.380    -0.251
  0.031              0.629       0.376    -0.253
  0.032              0.627       0.372    -0.254
  0.033              0.624       0.368    -0.256
  0.034              0.622       0.364    -0.258
  0.035              0.620       0.360    -0.260
  0.036              0.618       0.357    -0.262
  0.037              0.616       0.353    -0.264
  0.038              0.614       0.349    -0.265
  0.039              0.612       0.345    -0.267
  0.040              0.610       0.341    -0.269
  0.041              0.608       0.337    -0.271
  0.042              0.606       0.333    -0.273
  0.043              0.604       0.330    -0.275
  0.044              0.602       0.326    -0.277
  0.045              0.600       0.322    -0.278
  0.046              0.599       0.318    -0.280
  0.047              0.597       0.314    -0.282
  0.048              0.595       0.311    -0.284
  0.049              0.593       0.307    -0.286
  0.050              0.591       0.303    -0.288
  0.051              0.589       0.299    -0.290
  0.052              0.587       0.295    -0.292
  0.053              0.585       0.292    -0.294
  0.054              0.584       0.288    -0.296
  0.055              0.582       0.284    -0.298
  0.056              0.580       0.280    -0.300
  0.057              0.578       0.277    -0.302
  0.058              0.577       0.273    -0.304
  0.059              0.575       0.269    -0.306
  0.060              0.573       0.266    -0.308
  0.061              0.571       0.262    -0.310
  0.062              0.570       0.258    -0.312
  0.063              0.568       0.254    -0.314
  0.064              0.566       0.251    -0.316
  0.065              0.565       0.247    -0.318
  0.066              0.563       0.243    -0.320
  0.067              0.561       0.240    -0.322
  0.068              0.560       0.236    -0.324
  0.069              0.558       0.232    -0.326
  0.070              0.556       0.229    -0.328
  0.071              0.555       0.225    -0.330
  0.072              0.553       0.221    -0.332
  0.073              0.552       0.218    -0.334
  0.074              0.550       0.214    -0.336
  0.075              0.548       0.210    -0.338
  0.076              0.547       0.207    -0.340
  0.077              0.545       0.203    -0.342
  0.078              0.544       0.200    -0.344
  0.079              0.542       0.196    -0.346
  0.080              0.541       0.192    -0.348
  0.081              0.539       0.189    -0.351
  0.082              0.538       0.185    -0.353
  0.083              0.537       0.182    -0.355
  0.084              0.535       0.178    -0.357
  0.085              0.534       0.175    -0.359
  0.086              0.532       0.171    -0.361
  0.087              0.531       0.168    -0.363
  0.088              0.530       0.164    -0.366
  0.089              0.528       0.160    -0.368
  0.090              0.527       0.157    -0.370
  0.091              0.525       0.153    -0.372
  0.092              0.524       0.150    -0.374
  0.093              0.523       0.146    -0.376
  0.094              0.522       0.143    -0.379
  0.095              0.520       0.139    -0.381
  0.096              0.519       0.136    -0.383
  0.097              0.518       0.132    -0.385
  0.098              0.516       0.129    -0.388
  0.099              0.515       0.125    -0.390
  0.100              0.514       0.122    -0.392
  0.101              0.513       0.119    -0.394
  0.102              0.512       0.115    -0.396
  0.103              0.510       0.112    -0.399
  0.104              0.509       0.108    -0.401
  0.105              0.508       0.105    -0.403
  0.106              0.507       0.101    -0.406
  0.107              0.506       0.098    -0.408
  0.108              0.505       0.095    -0.410
  0.109              0.504       0.091    -0.412
  0.110              0.502       0.088    -0.415
  0.111              0.501       0.084    -0.417
  0.112              0.500       0.081    -0.419
  0.113              0.499       0.078    -0.422
  0.114              0.498       0.074    -0.424
  0.115              0.497       0.071    -0.426
  0.116              0.496       0.067    -0.429
  0.117              0.495       0.064    -0.431
  0.118              0.494       0.061    -0.433
  0.119              0.493       0.057    -0.436
  0.120              0.492       0.054    -0.438
  0.121              0.491       0.051    -0.440
  0.122              0.490       0.047    -0.443
  0.123              0.489       0.044    -0.445
  0.124              0.488       0.041    -0.448
  0.125              0.487       0.037    -0.450
  0.126              0.487       0.034    -0.452
  0.127              0.486       0.031    -0.455
  0.128              0.485       0.028    -0.457
  0.129              0.484       0.024    -0.460
  0.130              0.483       0.021    -0.462
  0.131              0.482       0.018    -0.465
  0.132              0.482       0.015    -0.467
  0.133              0.481       0.011    -0.469
  0.134              0.480       0.008    -0.472
  0.135              0.479       0.005    -0.474
  0.136              0.478       0.002    -0.477
  0.137              0.478      -0.002    -0.479
  0.138              0.477      -0.005    -0.482
  0.139              0.476      -0.008    -0.484
  0.140              0.475      -0.011    -0.487
  0.141              0.475      -0.014    -0.489
  0.142              0.474      -0.018    -0.492
  0.143              0.473      -0.021    -0.494
  0.144              0.473      -0.024    -0.497
  0.145              0.472      -0.027    -0.499
  0.146              0.471      -0.030    -0.502
  0.147              0.471      -0.034    -0.504
  0.148              0.470      -0.037    -0.507
  0.149              0.470      -0.040    -0.509
  0.150              0.469      -0.043    -0.512
  0.151              0.468      -0.046    -0.515
  0.152              0.468      -0.049    -0.517
  0.153              0.467      -0.052    -0.520
  0.154              0.467      -0.056    -0.522
  0.155              0.466      -0.059    -0.525
  0.156              0.466      -0.062    -0.527
  0.157              0.465      -0.065    -0.530
  0.158              0.465      -0.068    -0.533
  0.159              0.464      -0.071    -0.535
  0.160              0.464      -0.074    -0.538
  0.161              0.463      -0.077    -0.541
  0.162              0.463      -0.080    -0.543
  0.163              0.463      -0.083    -0.546
  0.164              0.462      -0.086    -0.548
  0.165              0.462      -0.089    -0.551
  0.166              0.461      -0.092    -0.554
  0.167              0.461      -0.095    -0.556
  0.168              0.461      -0.098    -0.559
  0.169              0.460      -0.102    -0.562
  0.170              0.460      -0.105    -0.564
  0.171              0.460      -0.108    -0.567
  0.172              0.459      -0.111    -0.570
  0.173              0.459      -0.114    -0.573
  0.174              0.459      -0.117    -0.575
  0.175              0.458      -0.120    -0.578
  0.176              0.458      -0.122    -0.581
  0.177              0.458      -0.125    -0.583
  0.178              0.458      -0.128    -0.586
  0.179              0.458      -0.131    -0.589
  0.180              0.457      -0.134    -0.592
  0.181              0.457      -0.137    -0.594
  0.182              0.457      -0.140    -0.597
  0.183              0.457      -0.143    -0.600
  0.184              0.457      -0.146    -0.603
  0.185              0.457      -0.149    -0.606
  0.186              0.456      -0.152    -0.608
  0.187              0.456      -0.155    -0.611
  0.188              0.456      -0.158    -0.614
  0.189              0.456      -0.161    -0.617
  0.190              0.456      -0.163    -0.620
  0.191              0.456      -0.166    -0.622
  0.192              0.456      -0.169    -0.625
  0.193              0.456      -0.172    -0.628
  0.194              0.456      -0.175    -0.631
  0.195              0.456      -0.178    -0.634
  0.196              0.456      -0.181    -0.637
  0.197              0.456      -0.184    -0.639
  0.198              0.456      -0.186    -0.642
  0.199              0.456      -0.189    -0.645
  0.200              0.456      -0.192    -0.648
  0.201              0.456      -0.195    -0.651
  0.202              0.456      -0.198    -0.654
  0.203              0.456      -0.200    -0.657
  0.204              0.456      -0.203    -0.660
  0.205              0.456      -0.206    -0.662
  0.206              0.457      -0.209    -0.665
  0.207              0.457      -0.212    -0.668
  0.208              0.457      -0.214    -0.671
  0.209              0.457      -0.217    -0.674
  0.210              0.457      -0.220    -0.677
  0.211              0.457      -0.223    -0.680
  0.212              0.458      -0.225    -0.683
  0.213              0.458      -0.228    -0.686
  0.214              0.458      -0.231    -0.689
  0.215              0.458      -0.234    -0.692
  0.216              0.459      -0.236    -0.695
  0.217              0.459      -0.239    -0.698
  0.218              0.459      -0.242    -0.701
  0.219              0.459      -0.244    -0.704
  0.220              0.460      -0.247    -0.707
  0.221              0.460      -0.250    -0.710
  0.222              0.460      -0.252    -0.713
  0.223              0.461      -0.255    -0.716
  0.224              0.461      -0.258    -0.719
  0.225              0.462      -0.261    -0.722
  0.226              0.462      -0.263    -0.725
  0.227              0.462      -0.266    -0.728
  0.228              0.463      -0.268    -0.731
  0.229              0.463      -0.271    -0.734
  0.230              0.464      -0.274    -0.737
  0.231              0.464      -0.276    -0.740
  0.232              0.464      -0.279    -0.743
  0.233              0.465      -0.282    -0.747
  0.234              0.465      -0.284    -0.750
  0.235              0.466      -0.287    -0.753
  0.236              0.466      -0.289    -0.756
  0.237              0.467      -0.292    -0.759
  0.238              0.468      -0.295    -0.762
  0.239              0.468      -0.297    -0.765
  0.240              0.469      -0.300    -0.768
  0.241              0.469      -0.302    -0.771
  0.242              0.470      -0.305    -0.775
  0.243              0.470      -0.307    -0.778
  0.244              0.471      -0.310    -0.781
  0.245              0.472      -0.312    -0.784
  0.246              0.472      -0.315    -0.787
  0.247              0.473      -0.317    -0.790
  0.248              0.474      -0.320    -0.794
  0.249              0.474      -0.322    -0.797
  0.250              0.475      -0.325    -0.800
  0.251              0.476      -0.327    -0.803
  0.252              0.476      -0.330    -0.806
  0.253              0.477      -0.332    -0.810
  0.254              0.478      -0.335    -0.813
  0.255              0.479      -0.337    -0.816
  0.256              0.479      -0.340    -0.819
  0.257              0.480      -0.342    -0.823
  0.258              0.481      -0.345    -0.826
  0.259              0.482      -0.347    -0.829
  0.260              0.483      -0.350    -0.832
  0.261              0.483      -0.352    -0.836
  0.262              0.484      -0.355    -0.839
  0.263              0.485      -0.357    -0.842
  0.264              0.486      -0.359    -0.845
  0.265              0.487      -0.362    -0.849
  0.266              0.488      -0.364    -0.852
  0.267              0.489      -0.367    -0.855
  0.268              0.490      -0.369    -0.859
  0.269              0.491      -0.371    -0.862
  0.270              0.492      -0.374    -0.865
  0.271              0.493      -0.376    -0.869
  0.272              0.493      -0.378    -0.872
  0.273              0.494      -0.381    -0.875
  0.274              0.495      -0.383    -0.879
  0.275              0.497      -0.386    -0.882
  0.276              0.498      -0.388    -0.885
  0.277              0.499      -0.390    -0.889
  0.278              0.500      -0.392    -0.892
  0.279              0.501      -0.395    -0.895
  0.280              0.502      -0.397    -0.899
  0.281              0.503      -0.399    -0.902
  0.282              0.504      -0.402    -0.906
  0.283              0.505      -0.404    -0.909
  0.284              0.506      -0.406    -0.912
  0.285              0.507      -0.409    -0.916
  0.286              0.508      -0.411    -0.919
  0.287              0.510      -0.413    -0.923
  0.288              0.511      -0.415    -0.926
  0.289              0.512      -0.418    -0.930
  0.290              0.513      -0.420    -0.933
  0.291              0.514      -0.422    -0.937
  0.292              0.516      -0.424    -0.940
  0.293              0.517      -0.427    -0.944
  0.294              0.518      -0.429    -0.947
  0.295              0.519      -0.431    -0.950
  0.296              0.521      -0.433    -0.954
  0.297              0.522      -0.435    -0.957
  0.298              0.523      -0.438    -0.961
  0.299              0.525      -0.440    -0.964
  0.300              0.526      -0.442    -0.968
  0.301              0.527      -0.444    -0.972
  0.302              0.529      -0.446    -0.975
  0.303              0.530      -0.449    -0.979
  0.304              0.531      -0.451    -0.982
  0.305              0.533      -0.453    -0.986
  0.306              0.534      -0.455    -0.989
  0.307              0.536      -0.457    -0.993
  0.308              0.537      -0.459    -0.996
  0.309              0.539      -0.461    -1.000
  0.310              0.540      -0.463    -1.004
  0.311              0.542      -0.466    -1.007
  0.312              0.543      -0.468    -1.011
  0.313              0.545      -0.470    -1.014
  0.314              0.546      -0.472    -1.018
  0.315              0.548      -0.474    -1.022
  0.316              0.549      -0.476    -1.025
  0.317              0.551      -0.478    -1.029
  0.318              0.552      -0.480    -1.032
  0.319              0.554      -0.482    -1.036
  0.320              0.555      -0.484    -1.040
  0.321              0.557      -0.486    -1.043
  0.322              0.559      -0.488    -1.047
  0.323              0.560      -0.490    -1.051
  0.324              0.562      -0.492    -1.054
  0.325              0.564      -0.495    -1.058
  0.326              0.565      -0.497    -1.062
  0.327              0.567      -0.499    -1.065
  0.328              0.569      -0.501    -1.069
  0.329              0.570      -0.503    -1.073
  0.330              0.572      -0.505    -1.076
  0.331              0.574      -0.507    -1.080
  0.332              0.575      -0.508    -1.084
  0.333              0.577      -0.510    -1.088
  0.334              0.579      -0.512    -1.091
  0.335              0.581      -0.514    -1.095
  0.336              0.583      -0.516    -1.099
  0.337              0.584      -0.518    -1.103
  0.338              0.586      -0.520    -1.106
  0.339              0.588      -0.522    -1.110
  0.340              0.590      -0.524    -1.114
  0.341              0.592      -0.526    -1.118
  0.342              0.594      -0.528    -1.121
  0.343              0.595      -0.530    -1.125
  0.344              0.597      -0.532    -1.129
  0.345              0.599      -0.534    -1.133
  0.346              0.601      -0.536    -1.137
  0.347              0.603      -0.537    -1.141
  0.348              0.605      -0.539    -1.144
  0.349              0.607      -0.541    -1.148
  0.350              0.609      -0.543    -1.152
  0.351              0.611      -0.545    -1.156
  0.352              0.613      -0.547    -1.160
  0.353              0.615      -0.549    -1.164
  0.354              0.617      -0.550    -1.167
  0.355              0.619      -0.552    -1.171
  0.356              0.621      -0.554    -1.175
  0.357              0.623      -0.556    -1.179
  0.358              0.625      -0.558    -1.183
  0.359              0.627      -0.559    -1.187
  0.360              0.629      -0.561    -1.191
  0.361              0.632      -0.563    -1.195
  0.362              0.634      -0.565    -1.199
  0.363              0.636      -0.567    -1.202
  0.364              0.638      -0.568    -1.206
  0.365              0.640      -0.570    -1.210
  0.366              0.642      -0.572    -1.214
  0.367              0.645      -0.574    -1.218
  0.368              0.647      -0.575    -1.222
  0.369              0.649      -0.577    -1.226
  0.370              0.651      -0.579    -1.230
  0.371              0.653      -0.581    -1.234
  0.372              0.656      -0.582    -1.238
  0.373              0.658      -0.584    -1.242
  0.374              0.660      -0.586    -1.246
  0.375              0.663      -0.588    -1.250
  0.376              0.665      -0.589    -1.254
  0.377              0.667      -0.591    -1.258
  0.378              0.669      -0.593    -1.262
  0.379              0.672      -0.594    -1.266
  0.380              0.674      -0.596    -1.270
  0.381              0.677      -0.598    -1.274
  0.382              0.679      -0.599    -1.278
  0.383              0.681      -0.601    -1.282
  0.384              0.684      -0.603    -1.286
  0.385              0.686      -0.604    -1.290
  0.386              0.689      -0.606    -1.294
  0.387              0.691      -0.607    -1.298
  0.388              0.693      -0.609    -1.303
  0.389              0.696      -0.611    -1.307
  0.390              0.698      -0.612    -1.311
  0.391              0.701      -0.614    -1.315
  0.392              0.703      -0.615    -1.319
  0.393              0.706      -0.617    -1.323
  0.394              0.709      -0.619    -1.327
  0.395              0.711      -0.620    -1.331
  0.396              0.714      -0.622    -1.335
  0.397              0.716      -0.623    -1.340
  0.398              0.719      -0.625    -1.344
  0.399              0.721      -0.626    -1.348
  0.400              0.724      -0.628    -1.352
  0.401              0.727      -0.630    -1.356
  0.402              0.729      -0.631    -1.360
  0.403              0.732      -0.633    -1.365
  0.404              0.735      -0.634    -1.369
  0.405              0.737      -0.636    -1.373
  0.406              0.740      -0.637    -1.377
  0.407              0.743      -0.639    -1.381
  0.408              0.745      -0.640    -1.385
  0.409              0.748      -0.642    -1.390
  0.410              0.751      -0.643    -1.394
  0.411              0.754      -0.645    -1.398
  0.412              0.756      -0.646    -1.402
  0.413              0.759      -0.647    -1.407
  0.414              0.762      -0.649    -1.411
  0.415              0.765      -0.650    -1.415
  0.416              0.768      -0.652    -1.419
  0.417              0.770      -0.653    -1.424
  0.418              0.773      -0.655    -1.428
  0.419              0.776      -0.656    -1.432
  0.420              0.779      -0.658    -1.436
  0.421              0.782      -0.659    -1.441
  0.422              0.785      -0.660    -1.445
  0.423              0.788      -0.662    -1.449
  0.424              0.791      -0.663    -1.454
  0.425              0.794      -0.665    -1.458
  0.426              0.796      -0.666    -1.462
  0.427              0.799      -0.667    -1.467
  0.428              0.802      -0.669    -1.471
  0.429              0.805      -0.670    -1.475
  0.430              0.808      -0.671    -1.480
  0.431              0.811      -0.673    -1.484
  0.432              0.814      -0.674    -1.488
  0.433              0.817      -0.675    -1.493
  0.434              0.820      -0.677    -1.497
  0.435              0.824      -0.678    -1.502
  0.436              0.827      -0.679    -1.506
  0.437              0.830      -0.681    -1.510
  0.438              0.833      -0.682    -1.515
  0.439              0.836      -0.683    -1.519
  0.440              0.839      -0.684    -1.524
  0.441              0.842      -0.686    -1.528
  0.442              0.845      -0.687    -1.532
  0.443              0.848      -0.688    -1.537
  0.444              0.852      -0.690    -1.541
  0.445              0.855      -0.691    -1.546
  0.446              0.858      -0.692    -1.550
  0.447              0.861      -0.693    -1.555
  0.448              0.865      -0.695    -1.559
  0.449              0.868      -0.696    -1.564
  0.450              0.871      -0.697    -1.568
  0.451              0.874      -0.698    -1.572
  0.452              0.878      -0.699    -1.577
  0.453              0.881      -0.701    -1.581
  0.454              0.884      -0.702    -1.586
  0.455              0.887      -0.703    -1.590
  0.456              0.891      -0.704    -1.595
  0.457              0.894      -0.705    -1.600
  0.458              0.897      -0.707    -1.604
  0.459              0.901      -0.708    -1.609
  0.460              0.904      -0.709    -1.613
  0.461              0.908      -0.710    -1.618
  0.462              0.911      -0.711    -1.622
  0.463              0.914      -0.712    -1.627
  0.464              0.918      -0.713    -1.631
  0.465              0.921      -0.715    -1.636
  0.466              0.925      -0.716    -1.640
  0.467              0.928      -0.717    -1.645
  0.468              0.932      -0.718    -1.650
  0.469              0.935      -0.719    -1.654
  0.470              0.939      -0.720    -1.659
  0.471              0.942      -0.721    -1.663
  0.472              0.946      -0.722    -1.668
  0.473              0.949      -0.723    -1.673
  0.474              0.953      -0.724    -1.677
  0.475              0.957      -0.726    -1.682
  0.476              0.960      -0.727    -1.687
  0.477              0.964      -0.728    -1.691
  0.478              0.967      -0.729    -1.696
  0.479              0.971      -0.730    -1.701
  0.480              0.975      -0.731    -1.705
  0.481              0.978      -0.732    -1.710
  0.482              0.982      -0.733    -1.715
  0.483              0.986      -0.734    -1.719
  0.484              0.989      -0.735    -1.724
  0.485              0.993      -0.736    -1.729
  0.486              0.997      -0.737    -1.733
  0.487              1.000      -0.738    -1.738
  0.488              1.004      -0.739    -1.743
  0.489              1.008      -0.740    -1.748
  0.490              1.012      -0.741    -1.752
  0.491              1.015      -0.742    -1.757
  0.492              1.019      -0.743    -1.762
  0.493              1.023      -0.744    -1.767
  0.494              1.027      -0.744    -1.771
  0.495              1.031      -0.745    -1.776
  0.496              1.035      -0.746    -1.781
  0.497              1.038      -0.747    -1.786
  0.498              1.042      -0.748    -1.790
  0.499              1.046      -0.749    -1.795
  0.500              1.050      -0.750    -1.800
  0.501              1.054      -0.751    -1.805
  0.502              1.058      -0.752    -1.810
  0.503              1.062      -0.753    -1.814
  0.504              1.066      -0.754    -1.819
  0.505              1.070      -0.754    -1.824
  0.506              1.074      -0.755    -1.829
  0.507              1.078      -0.756    -1.834
  0.508              1.082      -0.757    -1.839
  0.509              1.086      -0.758    -1.843
  0.510              1.090      -0.759    -1.848
  0.511              1.094      -0.760    -1.853
  0.512              1.098      -0.760    -1.858
  0.513              1.102      -0.761    -1.863
  0.514              1.106      -0.762    -1.868
  0.515              1.110      -0.763    -1.873
  0.516              1.114      -0.764    -1.878
  0.517              1.118      -0.764    -1.883
  0.518              1.122      -0.765    -1.887
  0.519              1.126      -0.766    -1.892
  0.520              1.131      -0.767    -1.897
  0.521              1.135      -0.767    -1.902
  0.522              1.139      -0.768    -1.907
  0.523              1.143      -0.769    -1.912
  0.524              1.147      -0.770    -1.917
  0.525              1.152      -0.771    -1.922
  0.526              1.156      -0.771    -1.927
  0.527              1.160      -0.772    -1.932
  0.528              1.164      -0.773    -1.937
  0.529              1.168      -0.773    -1.942
  0.530              1.173      -0.774    -1.947
  0.531              1.177      -0.775    -1.952
  0.532              1.181      -0.776    -1.957
  0.533              1.186      -0.776    -1.962
  0.534              1.190      -0.777    -1.967
  0.535              1.194      -0.778    -1.972
  0.536              1.199      -0.778    -1.977
  0.537              1.203      -0.779    -1.982
  0.538              1.207      -0.780    -1.987
  0.539              1.212      -0.780    -1.992
  0.540              1.216      -0.781    -1.997
  0.541              1.221      -0.782    -2.002
  0.542              1.225      -0.782    -2.007
  0.543              1.230      -0.783    -2.012
  0.544              1.234      -0.783    -2.017
  0.545              1.238      -0.784    -2.022
  0.546              1.243      -0.785    -2.028
  0.547              1.247      -0.785    -2.033
  0.548              1.252      -0.786    -2.038
  0.549              1.256      -0.786    -2.043
  0.550              1.261      -0.787    -2.048
  0.551              1.266      -0.788    -2.053
  0.552              1.270      -0.788    -2.058
  0.553              1.275      -0.789    -2.063
  0.554              1.279      -0.789    -2.069
  0.555              1.284      -0.790    -2.074
  0.556              1.288      -0.790    -2.079
  0.557              1.293      -0.791    -2.084
  0.558              1.298      -0.791    -2.089
  0.559              1.302      -0.792    -2.094
  0.560              1.307      -0.792    -2.100
  0.561              1.312      -0.793    -2.105
  0.562              1.316      -0.793    -2.110
  0.563              1.321      -0.794    -2.115
  0.564              1.326      -0.794    -2.120
  0.565              1.331      -0.795    -2.126
  0.566              1.335      -0.795    -2.131
  0.567              1.340      -0.796    -2.136
  0.568              1.345      -0.796    -2.141
  0.569              1.350      -0.797    -2.146
  0.570              1.354      -0.797    -2.152
  0.571              1.359      -0.798    -2.157
  0.572              1.364      -0.798    -2.162
  0.573              1.369      -0.799    -2.167
  0.574              1.374      -0.799    -2.173
  0.575              1.379      -0.800    -2.178
  0.576              1.383      -0.800    -2.183
  0.577              1.388      -0.800    -2.189
  0.578              1.393      -0.801    -2.194
  0.579              1.398      -0.801    -2.199
  0.580              1.403      -0.802    -2.204
  0.581              1.408      -0.802    -2.210
  0.582              1.413      -0.802    -2.215
  0.583              1.418      -0.803    -2.220
  0.584              1.423      -0.803    -2.226
  0.585              1.428      -0.803    -2.231
  0.586              1.433      -0.804    -2.236
  0.587              1.438      -0.804    -2.242
  0.588              1.443      -0.804    -2.247
  0.589              1.448      -0.805    -2.253
  0.590              1.453      -0.805    -2.258
  0.591              1.458      -0.805    -2.263
  0.592              1.463      -0.806    -2.269
  0.593              1.468      -0.806    -2.274
  0.594              1.473      -0.806    -2.279
  0.595              1.478      -0.807    -2.285
  0.596              1.483      -0.807    -2.290
  0.597              1.489      -0.807    -2.296
  0.598              1.494      -0.807    -2.301
  0.599              1.499      -0.808    -2.307
  0.600              1.504      -0.808    -2.312
  0.601              1.509      -0.808    -2.317
  0.602              1.514      -0.809    -2.323
  0.603              1.520      -0.809    -2.328
  0.604              1.525      -0.809    -2.334
  0.605              1.530      -0.809    -2.339
  0.606              1.535      -0.809    -2.345
  0.607              1.541      -0.810    -2.350
  0.608              1.546      -0.810    -2.356
  0.609              1.551      -0.810    -2.361
  0.610              1.556      -0.810    -2.367
  0.611              1.562      -0.810    -2.372
  0.612              1.567      -0.811    -2.378
  0.613              1.572      -0.811    -2.383
  0.614              1.578      -0.811    -2.389
  0.615              1.583      -0.811    -2.394
  0.616              1.589      -0.811    -2.400
  0.617              1.594      -0.811    -2.405
  0.618              1.599      -0.812    -2.411
  0.619              1.605      -0.812    -2.417
  0.620              1.610      -0.812    -2.422
  0.621              1.616      -0.812    -2.428
  0.622              1.621      -0.812    -2.433
  0.623              1.627      -0.812    -2.439
  0.624              1.632      -0.812    -2.444
  0.625              1.638      -0.812    -2.450
  0.626              1.643      -0.813    -2.456
  0.627              1.649      -0.813    -2.461
  0.628              1.654      -0.813    -2.467
  0.629              1.660      -0.813    -2.472
  0.630              1.665      -0.813    -2.478
  0.631              1.671      -0.813    -2.484
  0.632              1.676      -0.813    -2.489
  0.633              1.682      -0.813    -2.495
  0.634              1.688      -0.813    -2.501
  0.635              1.693      -0.813    -2.506
  0.636              1.699      -0.813    -2.512
  0.637              1.704      -0.813    -2.518
  0.638              1.710      -0.813    -2.523
  0.639              1.716      -0.813    -2.529
  0.640              1.721      -0.813    -2.535
  0.641              1.727      -0.813    -2.540
  0.642              1.733      -0.813    -2.546
  0.643              1.739      -0.813    -2.552
  0.644              1.744      -0.813    -2.558
  0.645              1.750      -0.813    -2.563
  0.646              1.756      -0.813    -2.569
  0.647              1.762      -0.813    -2.575
  0.648              1.767      -0.813    -2.580
  0.649              1.773      -0.813    -2.586
  0.650              1.779      -0.813    -2.592
  0.651              1.785      -0.813    -2.598
  0.652              1.791      -0.813    -2.604
  0.653              1.797      -0.813    -2.609
  0.654              1.802      -0.813    -2.615
  0.655              1.808      -0.813    -2.621
  0.656              1.814      -0.813    -2.627
  0.657              1.820      -0.812    -2.632
  0.658              1.826      -0.812    -2.638
  0.659              1.832      -0.812    -2.644
  0.660              1.838      -0.812    -2.650
  0.661              1.844      -0.812    -2.656
  0.662              1.850      -0.812    -2.662
  0.663              1.856      -0.812    -2.667
  0.664              1.862      -0.812    -2.673
  0.665              1.868      -0.811    -2.679
  0.666              1.874      -0.811    -2.685
  0.667              1.880      -0.811    -2.691
  0.668              1.886      -0.811    -2.697
  0.669              1.892      -0.811    -2.703
  0.670              1.898      -0.811    -2.708
  0.671              1.904      -0.810    -2.714
  0.672              1.910      -0.810    -2.720
  0.673              1.916      -0.810    -2.726
  0.674              1.922      -0.810    -2.732
  0.675              1.929      -0.809    -2.738
  0.676              1.935      -0.809    -2.744
  0.677              1.941      -0.809    -2.750
  0.678              1.947      -0.809    -2.756
  0.679              1.953      -0.809    -2.762
  0.680              1.959      -0.808    -2.768
  0.681              1.966      -0.808    -2.774
  0.682              1.972      -0.808    -2.780
  0.683              1.978      -0.808    -2.786
  0.684              1.984      -0.807    -2.792
  0.685              1.991      -0.807    -2.798
  0.686              1.997      -0.807    -2.804
  0.687              2.003      -0.806    -2.810
  0.688              2.009      -0.806    -2.816
  0.689              2.016      -0.806    -2.822
  0.690              2.022      -0.805    -2.828
  0.691              2.028      -0.805    -2.834
  0.692              2.035      -0.805    -2.840
  0.693              2.041      -0.805    -2.846
  0.694              2.047      -0.804    -2.852
  0.695              2.054      -0.804    -2.858
  0.696              2.060      -0.803    -2.864
  0.697              2.067      -0.803    -2.870
  0.698              2.073      -0.803    -2.876
  0.699              2.080      -0.802    -2.882
  0.700              2.086      -0.802    -2.888
  0.701              2.092      -0.802    -2.894
  0.702              2.099      -0.801    -2.900
  0.703              2.105      -0.801    -2.906
  0.704              2.112      -0.800    -2.912
  0.705              2.118      -0.800    -2.918
  0.706              2.125      -0.800    -2.925
  0.707              2.132      -0.799    -2.931
  0.708              2.138      -0.799    -2.937
  0.709              2.145      -0.798    -2.943
  0.710              2.151      -0.798    -2.949
  0.711              2.158      -0.797    -2.955
  0.712              2.164      -0.797    -2.961
  0.713              2.171      -0.797    -2.968
  0.714              2.178      -0.796    -2.974
  0.715              2.184      -0.796    -2.980
  0.716              2.191      -0.795    -2.986
  0.717              2.198      -0.795    -2.992
  0.718              2.204      -0.794    -2.998
  0.719              2.211      -0.794    -3.005
  0.720              2.218      -0.793    -3.011
  0.721              2.224      -0.793    -3.017
  0.722              2.231      -0.792    -3.023
  0.723              2.238      -0.792    -3.030
  0.724              2.245      -0.791    -3.036
  0.725              2.252      -0.790    -3.042
  0.726              2.258      -0.790    -3.048
  0.727              2.265      -0.789    -3.054
  0.728              2.272      -0.789    -3.061
  0.729              2.279      -0.788    -3.067
  0.730              2.286      -0.788    -3.073
  0.731              2.292      -0.787    -3.080
  0.732              2.299      -0.787    -3.086
  0.733              2.306      -0.786    -3.092
  0.734              2.313      -0.785    -3.098
  0.735              2.320      -0.785    -3.105
  0.736              2.327      -0.784    -3.111
  0.737              2.334      -0.784    -3.117
  0.738              2.341      -0.783    -3.124
  0.739              2.348      -0.782    -3.130
  0.740              2.355      -0.782    -3.136
  0.741              2.362      -0.781    -3.143
  0.742              2.369      -0.780    -3.149
  0.743              2.376      -0.780    -3.155
  0.744              2.383      -0.779    -3.162
  0.745              2.390      -0.778    -3.168
  0.746              2.397      -0.778    -3.174
  0.747              2.404      -0.777    -3.181
  0.748              2.411      -0.776    -3.187
  0.749              2.418      -0.776    -3.194
